[/home/richard/Downloads/L9to11-withoutpause.pdf]
page=1
offset=0
zoom=0.78757447875090947
rotate=0
pages-per-row=1
first-page-column=1:2
page-right-to-left=false
position-x=0.6262230919765166
position-y=0.042582121120559417
time=1663415412
jumplist=

[Z6zrT83/v+EYB5d4A2qYz5yElHxfdCK30Z95GwOkl7g=]
page=1
offset=0
zoom=0.78757447875090947
rotate=0
pages-per-row=1
first-page-column=1:2
page-right-to-left=false
position-x=0.6262230919765166
position-y=0.042582121120559417
time=1663415412
